Local time: 20230419 22:46:06
UTC time:   20230420T054606
Lat:          44.8678600 
Lon:        -124.0403600 
DpDep:       27.0 F
Temp:        72.8 F
Hum:         35.3 %
DP:          45.8 F
Case Temp:   83.5 F
Case Hum:    21.4 %
Pres:        30.31 inHg
Skytemp:     20.11 C
Lux:         12.2400
Visual:       3.0000
IR:           0.0000
